Mean CV Accuracy:
0.8925936019662672

Mean CV F1-Score:
0.8891244529911436

Individual Fold Accuracies:
[0.8815517952950888, 0.9390613171839516, 0.9180802647910633, 0.7528837622005324, 0.8702516033547114, 0.9547218628719275, 0.7957393483709273, 0.9407376709490262, 0.8397464916251698, 0.8102605863192183, 0.93993993993994, 0.9709443099273608, 0.9238773274917853, 0.9241682974559687, 0.8346456692913385, 0.75, 0.9603914259086673, 0.945924453280318, 0.8561390532544378, 0.9513336452971455, 0.9237472766884531, 0.8970718722271517, 0.9040247678018576, 0.9370037056643726]

Individual Fold F1-Scores:
[0.8530209098393451, 0.941405619373322, 0.925190360271492, 0.7865589454830754, 0.8721211780900718, 0.9547180971200802, 0.8314344616383754, 0.9345267804346555, 0.8150274875904685, 0.8257011566602653, 0.9386615399499537, 0.9696773710056729, 0.8578026902476227, 0.9138937393288838, 0.7919137927700707, 0.7766550154771923, 0.9600967625130581, 0.9536214984832388, 0.8266887508637312, 0.9564409709838766, 0.9274132320412071, 0.9028849493041293, 0.9215479316675119, 0.9019836306501477]

Classification Report:
              precision    recall  f1-score   support

         dws       0.77      0.77      0.77      6472
         jog       0.97      0.98      0.98      3871
         sit       0.99      1.00      0.99     10972
         std       1.00      0.98      0.99      9418
         ups       0.71      0.80      0.75      7762
         wlk       0.89      0.84      0.86     16974

    accuracy                           0.89     55469
   macro avg       0.89      0.90      0.89     55469
weighted avg       0.89      0.89      0.89     55469


